              precision    recall  f1-score   support

           0       1.00      1.00      1.00       123
           1       1.00      1.00      1.00       326
           2       0.98      0.99      0.99       126
           3       1.00      0.99      0.99        82
           4       1.00      1.00      1.00        87
           5       1.00      1.00      1.00       270
           6       0.99      0.99      0.99       121
           7       1.00      1.00      1.00        87
           8       1.00      1.00      1.00        92
           9       0.99      1.00      0.99        86
           A       1.00      1.00      1.00        55
           B       1.00      1.00      1.00         1
           D       1.00      1.00      1.00         1
           E       1.00      1.00      1.00         1
           F       1.00      1.00      1.00        86
           G       1.00      1.00      1.00        56

    accuracy                           1.00      1600
   macro avg       1.00      1.00      1.00      1600
weighted avg       1.00      1.00      1.00      1600
